0 0.20078740157480315 0.027559055118110236 0.25196850393700787 0.04330708661417323 0.2204724409448819 0 0.18503937007874016 0.007874015748031496 0.20078740157480315 0.027559055118110236
0 0.7165354330708661 0.4566929133858268 0.6456692913385826 0.46062992125984253 0.6653543307086615 0.484251968503937 0.7480314960629921 0.4881889763779528 0.7480314960629921 0.47244094488188976 0.7165354330708661 0.4566929133858268
0 0.937007874015748 0.5275590551181102 0.8779527559055118 0.547244094488189 0.8543307086614174 0.5708661417322834 0.8582677165354331 0.5905511811023622 0.9094488188976378 0.5669291338582677 0.937007874015748 0.5275590551181102
0 0.6614173228346457 0.8937007874015748 0.6377952755905512 0.8188976377952756 0.6299212598425197 0.8464566929133859 0.6614173228346457 0.8937007874015748
0 0.7244094488188977 0.8818897637795275 0.7874015748031497 0.8700787401574803 0.7401574803149606 0.8622047244094488 0.7204724409448819 0.8661417322834646 0.7244094488188977 0.8818897637795275
0 0.2204724409448819 0.8937007874015748 0.2677165354330709 0.9448818897637795 0.23622047244094488 0.8779527559055118 0.2204724409448819 0.8700787401574803 0.2204724409448819 0.8937007874015748
0 0.35039370078740156 0.65748031496063 0.2795275590551181 0.6732283464566929 0.2795275590551181 0.6968503937007874 0.30708661417322836 0.6968503937007874 0.3779527559055118 0.6653543307086615 0.35039370078740156 0.65748031496063
0 0.515748031496063 0.6535433070866141 0.4566929133858268 0.6535433070866141 0.4251968503937008 0.6692913385826772 0.452755905511811 0.6850393700787402 0.531496062992126 0.6732283464566929 0.515748031496063 0.6535433070866141
0 0.610236220472441 0.5511811023622047 0.5551181102362205 0.5708661417322834 0.5551181102362205 0.5866141732283464 0.610236220472441 0.6023622047244095 0.7047244094488189 0.562992125984252 0.610236220472441 0.5511811023622047
0 0.23470472440944884 0.5375511811023622 0.264992125984252 0.5163543307086614 0.24227559055118109 0.5012125984251968 0.1938228346456693 0.4981811023622047 0.15899606299212599 0.5133267716535432 0.18322047244094486 0.5360393700787401 0.23470472440944884 0.5375511811023622
0 0.3240472440944882 0.4678976377952756 0.28770472440944883 0.4633543307086614 0.22107874015748033 0.4678976377952756 0.2044212598425197 0.4860708661417323 0.21048031496062994 0.4996968503937008 0.24379133858267718 0.5012125984251968 0.2634763779527559 0.5087834645669291 0.2952755905511811 0.49515354330708666 0.3240472440944882 0.4678976377952756
0 0.7359173228346457 0.7752874015748031 0.7631732283464567 0.7631732283464567 0.7828582677165354 0.7480314960629921 0.7889173228346457 0.7177480314960629 0.7404606299212598 0.7404606299212598 0.7147165354330709 0.7662007874015748 0.7359173228346457 0.7752874015748031
0 0.8706850393700787 0.7222913385826771 0.8343425196850394 0.7116889763779528 0.8055708661417323 0.7313740157480315 0.7889173228346457 0.7434881889763779 0.770744094488189 0.772259842519685 0.823744094488189 0.7556023622047244 0.8706850393700787 0.7222913385826771
0 0.6435511811023622 0.6056929133858268 0.6405196850393701 0.586007874015748 0.6147795275590551 0.5799527559055118 0.5769212598425197 0.5769212598425197 0.5526968503937008 0.5769212598425197 0.6011496062992127 0.611751968503937 0.6435511811023622 0.6056929133858268
0 0.6753464566929134 0.58298031496063 0.7056338582677165 0.5632952755905511 0.6586929133858267 0.5526968503937008 0.6344645669291339 0.5466377952755905 0.5981220472440945 0.558751968503937 0.5920669291338583 0.5723818897637795 0.6299212598425197 0.5799527559055118 0.6753464566929134 0.58298031496063