0 0.09375 0.7001953125 0.0693359375 0.025390625
0 0.1474609375 0.8310546875 0.064453125 0.044921875
0 0.1533203125 0.8818359375 0.064453125 0.0302734375
0 0.4736328125 0.884765625 0.0849609375 0.0283203125
0 0.935546875 0.923828125 0.0625 0.0400390625
0 0.794921875 0.7265625 0.0615234375 0.0283203125
0 0.623046875 0.728515625 0.07421875 0.0625
0 0.62890625 0.5478515625 0.068359375 0.0302734375
0 0.7470703125 0.435546875 0.0654296875 0.0400390625
0 0.8779296875 0.3388671875 0.078125 0.0361328125
0 0.1708984375 0.2880859375 0.0791015625 0.0380859375