0 0.134765625 0.0859375 0.146484375 0.08984375 0.150390625 0.064453125 0.140625 0.05078125 0.1328125 0.05078125 0.134765625 0.0859375
0 0.681640625 0.37109375 0.677734375 0.37109375 0.66015625 0.380859375 0.6328125 0.384765625 0.640625 0.416015625 0.6640625 0.412109375 0.681640625 0.396484375 0.681640625 0.37109375
0 0.236328125 0.560546875 0.23046875 0.560546875 0.212890625 0.6015625 0.22265625 0.615234375 0.2421875 0.609375 0.25 0.599609375 0.248046875 0.57421875 0.236328125 0.560546875
0 0.791015625 0.71484375 0.8046875 0.71484375 0.814453125 0.70703125 0.802734375 0.697265625 0.79296875 0.697265625 0.791015625 0.71484375
0 0.623046875 0.951171875 0.619140625 0.951171875 0.609375 0.974609375 0.609375 0.9921875 0.61328125 0.998046875 0.640625 0.998046875 0.63671875 0.966796875 0.623046875 0.951171875
0 0.603515625 0.908203125 0.59765625 0.916015625 0.6015625 0.92578125 0.626953125 0.935546875 0.62890625 0.9296875 0.61328125 0.908203125 0.603515625 0.908203125
0 0.26171875 0.68359375 0.26171875 0.701171875 0.283203125 0.69140625 0.27734375 0.677734375 0.26953125 0.677734375 0.26171875 0.68359375
0 0.9140625 0.10546875 0.90625 0.107421875 0.8984375 0.12109375 0.90234375 0.158203125 0.91796875 0.15625 0.91796875 0.109375 0.9140625 0.10546875
0 0.337890625 0.166015625 0.361328125 0.166015625 0.361328125 0.15625 0.34375 0.13671875 0.33984375 0.13671875 0.337890625 0.166015625
0 0.50390625 0.138671875 0.490234375 0.146484375 0.490234375 0.154296875 0.5234375 0.166015625 0.52734375 0.14453125 0.515625 0.138671875 0.50390625 0.138671875
0 0.84375 0.794921875 0.841796875 0.79296875 0.822265625 0.80078125 0.830078125 0.81640625 0.84375 0.818359375 0.8515625 0.810546875 0.8515625 0.798828125 0.84375 0.794921875