0 0.611328125 0.119140625 0.064453125 0.0595703125
0 0.142578125 0.94921875 0.052734375 0.07421875
0 0.6484375 0.611328125 0.0625 0.0654296875
0 0.1552734375 0.494140625 0.05859375 0.111328125
0 0.0400390625 0.140625 0.0458984375 0.0966796875
0 0.5283203125 0.9130859375 0.1044921875 0.03515625
0 0.140625 0.796875 0.1044921875 0.07421875
0 0.783203125 0.3037109375 0.08203125 0.1328125
0 0.3544921875 0.259765625 0.0478515625 0.052734375
0 0.9560546875 0.6455078125 0.0712890625 0.03515625
0 0.373046875 0.794921875 0.0712890625 0.04296875
0 0.455078125 0.9609375 0.0517578125 0.0556640625
0 0.865234375 0.953125 0.859375 0.953125 0.859375 0.96875 0.880859375 0.982421875 0.8828125 0.962890625 0.865234375 0.953125