0 0.287109375 0.2578125 0.279296875 0.23046875 0.26953125 0.23046875 0.23046875 0.2734375 0.22265625 0.298828125 0.236328125 0.296875 0.26953125 0.26953125 0.283203125 0.2734375 0.287109375 0.2578125
0 0.3671875 0.73046875 0.36328125 0.693359375 0.3515625 0.673828125 0.345703125 0.673828125 0.33984375 0.68359375 0.33984375 0.708984375 0.3515625 0.759765625 0.361328125 0.7734375 0.3671875 0.763671875 0.3671875 0.73046875
0 0 0.416015625 0.041015625 0.462890625 0.041015625 0.44140625 0.005859375 0.3828125 0 0.3828125 0 0.416015625
0 0.8828125 0.974609375 0.876953125 0.982421875 0.87890625 0.998046875 0.904296875 0.998046875 0.904296875 0.986328125 0.892578125 0.974609375 0.8828125 0.974609375
0 0.869140625 0.953125 0.87890625 0.966796875 0.890625 0.953125 0.88671875 0.94140625 0.884765625 0.94140625 0.869140625 0.953125
0 0.8671875 0.912109375 0.87109375 0.921875 0.884765625 0.9140625 0.884765625 0.89453125 0.8828125 0.892578125 0.8671875 0.912109375
0 0.703125 0.857421875 0.71484375 0.865234375 0.71875 0.84765625 0.708984375 0.83984375 0.70703125 0.83984375 0.703125 0.857421875
0 0.1015625 0.91796875 0.1171875 0.91796875 0.12109375 0.908203125 0.1015625 0.896484375 0.095703125 0.896484375 0.1015625 0.91796875
0 0.1640625 0.859375 0.166015625 0.869140625 0.185546875 0.859375 0.18359375 0.84765625 0.173828125 0.84765625 0.1640625 0.859375
0 0.197265625 0.53125 0.173828125 0.541015625 0.173828125 0.55859375 0.203125 0.556640625 0.205078125 0.5390625 0.19921875 0.53125 0.197265625 0.53125
0 0.07421875 0 0.068359375 0.044921875 0.083984375 0.052734375 0.08984375 0.05078125 0.091796875 0.02734375 0.087890625 0 0.07421875 0
0 0.5 0.03125 0.482421875 0.03125 0.474609375 0.046875 0.486328125 0.0625 0.49609375 0.064453125 0.494140625 0.048828125 0.505859375 0.037109375 0.5 0.03125
0 0.490234375 0 0.490234375 0.0078125 0.498046875 0.015625 0.513671875 0.015625 0.51953125 0 0.509765625 0 0.490234375 0
0 0.865234375 0.09375 0.857421875 0.107421875 0.857421875 0.125 0.875 0.140625 0.8828125 0.109375 0.8671875 0.09375 0.865234375 0.09375
0 0.16015625 0 0.16015625 0.0078125 0.181640625 0.015625 0.197265625 0 0.184895833984375 0 0.16015625 0
0 0.4375 0.453125 0.443359375 0.462890625 0.453125 0.455078125 0.44921875 0.439453125 0.439453125 0.439453125 0.4375 0.453125
0 0.615234375 0.369140625 0.609375 0.388671875 0.611328125 0.396484375 0.62109375 0.400390625 0.626953125 0.37890625 0.6171875 0.369140625 0.615234375 0.369140625
0 0.966796875 0.552734375 0.986328125 0.5625 0.98828125 0.552734375 0.978515625 0.5390625 0.970703125 0.5390625 0.966796875 0.552734375
0 0.728515625 0.705078125 0.724609375 0.712890625 0.73046875 0.7265625 0.73828125 0.7265625 0.74609375 0.71484375 0.740234375 0.705078125 0.728515625 0.705078125
0 0.783203125 0.671875 0.779296875 0.68359375 0.78515625 0.69921875 0.80078125 0.705078125 0.802734375 0.6875 0.7890625 0.671875 0.783203125 0.671875
0 0.806640625 0.287109375 0.8203125 0.302734375 0.826171875 0.291015625 0.81640625 0.27734375 0.810546875 0.27734375 0.806640625 0.287109375
0 0.8125 0.248046875 0.830078125 0.25390625 0.83203125 0.240234375 0.8203125 0.23046875 0.818359375 0.23046875 0.8125 0.248046875
0 0.69140625 0.01171875 0.6953125 0.02734375 0.705078125 0.01953125 0.701171875 0.00390625 0.69921875 0.00390625 0.69140625 0.01171875
0 0.4765625 0.369140625 0.48828125 0.376953125 0.49609375 0.373046875 0.48828125 0.35546875 0.48046875 0.35546875 0.4765625 0.369140625
0 0.7890625 0.40234375 0.783203125 0.384765625 0.77734375 0.384765625 0.77734375 0.408203125 0.7890625 0.40234375
0 0.40234375 0.55859375 0.400390625 0.55859375 0.38671875 0.572265625 0.390625 0.615234375 0.3984375 0.61328125 0.39453125 0.59765625 0.404296875 0.57421875 0.40234375 0.55859375
0 0.982421875 0.041015625 0.998046875 0.068359375 0.998046875 0.058268228515625 0.998046875 0.0078125 0.982421875 0.041015625
0 0.669921875 0.416015625 0.6640625 0.431640625 0.66796875 0.4453125 0.67578125 0.447265625 0.6796875 0.42578125 0.671875 0.41796875 0.669921875 0.416015625