0 0.0859375 0.0966796875 0.02734375 0.0234375
0 0.1484375 0.0537109375 0.0283203125 0.0263671875
0 0.0341796875 0.353515625 0.0185546875 0.0302734375
0 0.0869140625 0.369140625 0.02734375 0.0263671875
0 0.0810546875 0.4921875 0.0205078125 0.0341796875
0 0.1162109375 0.44140625 0.033203125 0.0361328125
0 0.0625 0.5546875 0.0185546875 0.0302734375
0 0.0537109375 0.1845703125 0.0146484375 0.033203125
0 0.04296875 0.310546875 0.0302734375 0.0419921875
0 0.0791015625 0.2529296875 0.0283203125 0.0361328125
0 0.1826171875 0.3857421875 0.0244140625 0.0341796875
0 0.1083984375 0.2255859375 0.015625 0.0361328125
0 0.12109375 0.2177734375 0.005859375 0.0234375
0 0.1494140625 0.2236328125 0.021484375 0.0390625
0 0.2373046875 0.1767578125 0.0234375 0.0390625
0 0.2724609375 0.16796875 0.0205078125 0.0302734375
0 0.162109375 0.310546875 0.0244140625 0.0361328125
0 0.189453125 0.3330078125 0.02734375 0.0390625
0 0.2861328125 0.357421875 0.02734375 0.0341796875
0 0.3388671875 0.3447265625 0.02734375 0.0302734375
0 0.6376953125 0.6513671875 0.0361328125 0.0634765625
0 0.5380859375 0.8154296875 0.033203125 0.0361328125
0 0.4150390625 0.859375 0.037109375 0.0419921875
0 0.58203125 0.7802734375 0.0234375 0.0390625
0 0.5361328125 0.529296875 0.0341796875 0.0361328125
0 0.537109375 0.4755859375 0.0400390625 0.044921875
0 0.37890625 0.3427734375 0.0263671875 0.072265625
0 0.400390625 0.3740234375 0.0263671875 0.0283203125
0 0.4404296875 0.1953125 0.0302734375 0.044921875
0 0.333984375 0.205078125 0.04296875 0.0361328125
0 0.2958984375 0.2861328125 0.02734375 0.03125
0 0.560546875 0.3125 0.033203125 0.0341796875
0 0.7197265625 0.501953125 0.0341796875 0.05078125
0 0.71875 0.6767578125 0.0341796875 0.0283203125
0 0.78125 0.634765625 0.021484375 0.0478515625
0 0.8095703125 0.67578125 0.03125 0.0478515625
0 0.9345703125 0.6787109375 0.037109375 0.021484375
0 0.93359375 0.6484375 0.0361328125 0.015625
0 0.859375 0.5634765625 0.02734375 0.0302734375
0 0.9365234375 0.62109375 0.033203125 0.0205078125
0 0.701171875 0.4169921875 0.04296875 0.0419921875
0 0.8125 0.23828125 0.02734375 0.0361328125
0 0.701171875 0.21484375 0.03125 0.0302734375
0 0.763671875 0.1640625 0.0341796875 0.0283203125
0 0.6376953125 0.3173828125 0.0205078125 0.033203125
0 0.6591796875 0.30859375 0.02734375 0.0458984375
0 0.7216796875 0.2509765625 0.037109375 0.0302734375
0 0.8828125 0.15625 0.037109375 0.05078125
0 0.90625 0.2626953125 0.033203125 0.0478515625
0 0.8046875 0.3662109375 0.0341796875 0.033203125
0 0.8310546875 0.34375 0.0146484375 0.0458984375
0 0.7607421875 0.4453125 0.0302734375 0.033203125
0 0.791015625 0.4345703125 0.0205078125 0.021484375
0 0.8291015625 0.4033203125 0.02734375 0.0283203125
0 0.87890625 0.4482421875 0.0390625 0.0634765625
0 0.87890625 0.396484375 0.033203125 0.0341796875
0 0.9228515625 0.5576171875 0.0302734375 0.0341796875
0 0.9306640625 0.45703125 0.017578125 0.033203125
0 0.96484375 0.4892578125 0.017578125 0.0361328125
0 0.955078125 0.337890625 0.0234375 0.021484375
0 0.9658203125 0.2958984375 0.0263671875 0.05078125
0 0.90625 0.11328125 0.0283203125 0.03125
0 0.5322265625 0.07421875 0.0478515625 0.033203125
0 0.7431640625 0.3193359375 0.0283203125 0.0458984375
0 0.623046875 0.7236328125 0.0419921875 0.044921875
0 0.880859375 0.791015625 0.0341796875 0.037109375
0 0.97265625 0.57421875 0.033203125 0.0400390625
0 0.4716796875 0.3740234375 0.0302734375 0.0615234375
0 0.5390625 0.42578125 0.033203125 0.04296875
0 0.5234375 0.38671875 0.0244140625 0.044921875
0 0.552734375 0.376953125 0.0263671875 0.037109375
0 0.3408203125 0.1572265625 0.0302734375 0.05078125
0 0.369140625 0.1025390625 0.0283203125 0.044921875
0 0.4091796875 0.1103515625 0.0400390625 0.064453125
0 0.619140625 0.3369140625 0.03125 0.03125
0 0.828125 0.5400390625 0.0458984375 0.03125
0 0.8359375 0.4970703125 0.0302734375 0.0302734375
0 0.1982421875 0.2783203125 0.0244140625 0.0458984375
0 0.5908203125 0.59375 0.02734375 0.048828125
0 0.96875 0.4208984375 0.021484375 0.02734375
0 0.98046875 0.388671875 0.0263671875 0.0458984375