0 0.322265625 0.275390625 0.330078125 0.275390625 0.33342633984375 0.258091517578125 0.3359375 0.22265625 0.330078125 0.212890625 0.318359375 0.212890625 0.3125 0.21875 0.310546875 0.23046875 0.31640625 0.236328125 0.306640625 0.248046875 0.306640625 0.259765625 0.322265625 0.275390625
0 0.806640625 0.111328125 0.8046875 0.109375 0.79296875 0.1328125 0.798828125 0.146484375 0.818359375 0.1640625 0.83203125 0.15625 0.83203125 0.142578125 0.806640625 0.111328125
0 0.34375 0 0.333984375 0.0234375 0.3359375 0.05078125 0.357421875 0.05859375 0.361328125 0.033203125 0.3515625 0 0.34375 0
0 0.443359375 0.595703125 0.44140625 0.595703125 0.43359375 0.61328125 0.439453125 0.654296875 0.451171875 0.642578125 0.453125 0.623046875 0.451171875 0.599609375 0.443359375 0.595703125
0 0.4765625 0.662109375 0.462890625 0.671875 0.462890625 0.681640625 0.4765625 0.681640625 0.482421875 0.67578125 0.48046875 0.662109375 0.4765625 0.662109375
0 0.08203125 0.5078125 0.08984375 0.5 0.09375 0.478515625 0.091796875 0.427734375 0.08203125 0.41015625 0.076171875 0.41015625 0.068359375 0.462890625 0.072265625 0.4765625 0.08203125 0.478515625 0.07421875 0.484375 0.07421875 0.501953125 0.08203125 0.5078125
0 0.78515625 0.625 0.7890625 0.658203125 0.798828125 0.6640625 0.80859375 0.646484375 0.796875 0.638671875 0.791015625 0.625 0.78515625 0.625
0 0.357421875 0.923828125 0.34765625 0.95703125 0.359375 0.95703125 0.376953125 0.943359375 0.375 0.9296875 0.3671875 0.923828125 0.357421875 0.923828125
0 0.46875 0.322265625 0.484375 0.333984375 0.48828125 0.3203125 0.48046875 0.302734375 0.470703125 0.302734375 0.46875 0.322265625
0 0.203125 0.8671875 0.216796875 0.87890625 0.22265625 0.861328125 0.208984375 0.83984375 0.205078125 0.83984375 0.203125 0.8671875
0 0.2421875 0.654296875 0.240234375 0.671875 0.24609375 0.693359375 0.25390625 0.69921875 0.2578125 0.6640625 0.24609375 0.654296875 0.2421875 0.654296875
0 0.46875 0.08203125 0.458984375 0.091796875 0.4609375 0.103515625 0.482421875 0.119140625 0.482421875 0.09765625 0.474609375 0.08203125 0.46875 0.08203125