0 0.5703125 0.203125 0.556640625 0.22265625 0.564453125 0.236328125 0.58203125 0.2421875 0.587890625 0.22265625 0.57421875 0.203125 0.5703125 0.203125
0 0.52734375 0.359375 0.5390625 0.3515625 0.533203125 0.33984375 0.525390625 0.33984375 0.517578125 0.3515625 0.52734375 0.359375
0 0.556640625 0.3125 0.55859375 0.306640625 0.548828125 0.296875 0.537109375 0.296875 0.533203125 0.314453125 0.556640625 0.3125
0 0.8984375 0.380859375 0.912109375 0.37890625 0.908203125 0.341796875 0.90234375 0.341796875 0.890625 0.36328125 0.8984375 0.380859375
0 0.86328125 0.517578125 0.873046875 0.517578125 0.8828125 0.5 0.896484375 0.5 0.90625 0.490234375 0.90625 0.466796875 0.896484375 0.466796875 0.876953125 0.4921875 0.859375 0.49609375 0.86328125 0.517578125
0 0.345703125 0.44921875 0.330078125 0.462890625 0.333984375 0.484375 0.34375 0.498046875 0.353515625 0.48828125 0.3515625 0.44921875 0.345703125 0.44921875
0 0.162109375 0.26171875 0.14453125 0.2734375 0.146484375 0.283203125 0.1796875 0.294921875 0.1796875 0.267578125 0.171875 0.26171875 0.162109375 0.26171875
0 0.16796875 0.45703125 0.177734375 0.451171875 0.169921875 0.43359375 0.166015625 0.43359375 0.158203125 0.447265625 0.16796875 0.45703125
0 0.232421875 0.564453125 0.25390625 0.55859375 0.271484375 0.5625 0.279296875 0.53125 0.2578125 0.52734375 0.234375 0.505859375 0.232421875 0.505859375 0.220703125 0.51953125 0.224609375 0.55859375 0.232421875 0.564453125
0 0.3359375 0.58203125 0.3046875 0.60546875 0.310546875 0.62109375 0.326171875 0.619140625 0.337890625 0.59765625 0.337890625 0.58203125 0.3359375 0.58203125
0 0.263671875 0.87890625 0.2578125 0.89453125 0.263671875 0.919921875 0.271484375 0.927734375 0.28125 0.888671875 0.26953125 0.87890625 0.263671875 0.87890625
0 0.658203125 0.546875 0.630859375 0.564453125 0.6328125 0.576171875 0.64453125 0.576171875 0.671875 0.560546875 0.666015625 0.546875 0.658203125 0.546875
0 0.36328125 0.6875 0.357421875 0.681640625 0.353515625 0.681640625 0.34375 0.6953125 0.341796875 0.712890625 0.353515625 0.712890625 0.36328125 0.701171875 0.36328125 0.6875
0 0.41015625 0.77734375 0.39453125 0.78125 0.390625 0.7890625 0.416015625 0.806640625 0.419921875 0.791015625 0.4140625 0.77734375 0.41015625 0.77734375
0 0.22265625 0.619140625 0.240234375 0.609375 0.234375 0.59375 0.228515625 0.59375 0.216796875 0.60546875 0.22265625 0.619140625
0 0.62109375 0.875 0.607421875 0.865234375 0.6015625 0.865234375 0.58984375 0.87109375 0.58203125 0.912109375 0.61328125 0.939453125 0.61328125 0.90234375 0.62109375 0.875
0 0 0.99609375 0.03515625 0.998046875 0.037109375 0.91796875 0.021484375 0.884765625 0.001953125 0.869140625 0 0.869140625 0 0.99609375