0 0.220703125 0.25 0.0498046875 0.0263671875
0 0.3203125 0.052734375 0.0546875 0.025390625
0 0.5869140625 0.1513671875 0.0595703125 0.0283203125
0 0.5419921875 0.1962890625 0.0517578125 0.033203125
0 0.42578125 0.2958984375 0.0498046875 0.0263671875
0 0.6357421875 0.53515625 0.0498046875 0.029296875
0 0.541015625 0.5380859375 0.0546875 0.0283203125
0 0.875 0.8427734375 0.04296875 0.0263671875
0 0.650390625 0.64453125 0.0712890625 0.0322265625
0 0.5244140625 0.640625 0.0615234375 0.04296875
0 0.0341796875 0.6455078125 0.0517578125 0.0283203125
0 0.6650390625 0.994140625 0.029296875 0.01171875
0 0.3671875 0.7734375 0.05859375 0.03515625
0 0.3115234375 0.23828125 0.0380859375 0.0556640625