0 0.353515625 0.05078125 0.3359375 0.05078125 0.33203125 0.05859375 0.353515625 0.080078125 0.400390625 0.109375 0.416015625 0.103515625 0.40234375 0.083984375 0.353515625 0.05078125
0 0.48828125 0.41015625 0.47265625 0.396484375 0.46875 0.396484375 0.46484375 0.427734375 0.4765625 0.462890625 0.490234375 0.46875 0.5078125 0.46484375 0.509765625 0.45703125 0.48828125 0.41015625
0 0.203125 0.66015625 0.189453125 0.66015625 0.18359375 0.673828125 0.212890625 0.70703125 0.232421875 0.712890625 0.228515625 0.69921875 0.244140625 0.69140625 0.203125 0.66015625
0 0.400390625 0.615234375 0.3828125 0.654296875 0.39453125 0.7109375 0.404296875 0.7109375 0.408203125 0.703125 0.40234375 0.615234375 0.400390625 0.615234375
0 0.837890625 0.611328125 0.833984375 0.576171875 0.82421875 0.5703125 0.822265625 0.5703125 0.814453125 0.576171875 0.818359375 0.626953125 0.830078125 0.65625 0.841796875 0.65625 0.84375 0.61328125 0.837890625 0.611328125
0 0.669921875 0.58984375 0.662109375 0.580078125 0.66015625 0.578125 0.61328125 0.634765625 0.609375 0.650390625 0.615234375 0.658203125 0.626953125 0.654296875 0.6640625 0.609375 0.669921875 0.58984375
0 0.658203125 0.84765625 0.64453125 0.83984375 0.640625 0.83984375 0.6328125 0.87109375 0.6328125 0.91015625 0.638671875 0.919921875 0.654296875 0.921875 0.6640625 0.88671875 0.658203125 0.84765625
0 0.998046875 0.806640625 0.998046875 0.787109375 0.974609375 0.78125 0.96875 0.775390625 0.96875 0.759765625 0.962890625 0.759765625 0.896484375 0.791015625 0.890625 0.810546875 0.919921875 0.8046875 0.943359375 0.791015625 0.97265625 0.8046875 0.998046875 0.806640625
0 0.998046875 0.806640625 0.998046875 0.787109375 0.974609375 0.78125 0.96875 0.775390625 0.96875 0.759765625 0.962890625 0.759765625 0.896484375 0.791015625 0.890625 0.810546875 0.919921875 0.8046875 0.943359375 0.791015625 0.97265625 0.8046875 0.998046875 0.806640625
0 0.97265625 0.8046875 0.998046875 0.806640625 0.998046875 0.787109375 0.974609375 0.78125 0.96875 0.775390625 0.96875 0.759765625 0.9609375 0.759765625 0.921875 0.783203125 0.896484375 0.791015625 0.890625 0.810546875 0.919921875 0.8046875 0.943359375 0.791015625 0.97265625 0.8046875
0 0.166015625 0.30859375 0.166015625 0.328125 0.201171875 0.333984375 0.220703125 0.328125 0.20703125 0.3125 0.177734375 0.30859375 0.166015625 0.30859375