0 0.62890625 0.0625 0.646484375 0.041015625 0.63671875 0.025390625 0.630859375 0.025390625 0.615234375 0.046875 0.615234375 0.05859375 0.62109375 0.0625 0.62890625 0.0625
0 0.5625 0.123046875 0.556640625 0.123046875 0.541015625 0.13671875 0.55078125 0.150390625 0.568359375 0.138671875 0.5625 0.123046875
0 0.9453125 0.091796875 0.935546875 0.091796875 0.931640625 0.115234375 0.958984375 0.130859375 0.958984375 0.107421875 0.9453125 0.091796875
0 0.919921875 0.1875 0.931640625 0.1796875 0.931640625 0.166015625 0.927734375 0.166015625 0.900390625 0.16796875 0.896484375 0.173828125 0.90234375 0.185546875 0.919921875 0.1875
0 0.96875 0.224609375 0.962890625 0.19921875 0.955078125 0.19140625 0.953125 0.19140625 0.94140625 0.216796875 0.947265625 0.232421875 0.958984375 0.232421875 0.96875 0.224609375
0 0.3203125 0.501953125 0.310546875 0.498046875 0.3125 0.48828125 0.2890625 0.462890625 0.28515625 0.462890625 0.279296875 0.46875 0.283203125 0.484375 0.302734375 0.501953125 0.3203125 0.501953125
0 0.17578125 0.63671875 0.16796875 0.57421875 0.15625 0.564453125 0.150390625 0.564453125 0.14453125 0.5703125 0.15625 0.580078125 0.15625 0.611328125 0.17578125 0.63671875
0 0.84375 0.724609375 0.841796875 0.734375 0.8515625 0.751953125 0.841796875 0.775390625 0.876953125 0.7734375 0.87890625 0.69921875 0.873046875 0.69921875 0.875 0.716796875 0.869140625 0.72265625 0.8515625 0.71484375 0.84375 0.724609375
0 0.451171875 0.92578125 0.435546875 0.919921875 0.43359375 0.919921875 0.427734375 0.93359375 0.435546875 0.943359375 0.4453125 0.943359375 0.451171875 0.92578125
0 0.48828125 0.943359375 0.478515625 0.943359375 0.45703125 0.955078125 0.45703125 0.97265625 0.48828125 0.970703125 0.48828125 0.943359375
0 0.142578125 0.513671875 0.134765625 0.5 0.126953125 0.5 0.111328125 0.521484375 0.1171875 0.537109375 0.130859375 0.517578125 0.142578125 0.513671875
0 0.3671875 0.412109375 0.380859375 0.404296875 0.3828125 0.375 0.404296875 0.33984375 0.404296875 0.30078125 0.396484375 0.30078125 0.376953125 0.30859375 0.380859375 0.33984375 0.365234375 0.3984375 0.3671875 0.412109375
0 0.77734375 0.197265625 0.7734375 0.1875 0.7578125 0.18359375 0.751953125 0.18359375 0.740234375 0.189453125 0.740234375 0.201171875 0.759765625 0.203125 0.77734375 0.197265625
0 0.7578125 0.33984375 0.7734375 0.328125 0.767578125 0.318359375 0.755859375 0.318359375 0.74609375 0.33984375 0.74609375 0.349609375 0.75390625 0.357421875 0.7578125 0.33984375
0 0.919921875 0 0.923828125 0.025390625 0.916015625 0.033203125 0.91015625 0.06640625 0.927734375 0.05859375 0.9453125 0 0.9326171875 0 0.919921875 0