0 0.525390625 0.3515625 0.51171875 0.330078125 0.498046875 0.330078125 0.482421875 0.33984375 0.48046875 0.357421875 0.50390625 0.357421875 0.51171875 0.369140625 0.521484375 0.369140625 0.525390625 0.3515625
0 0.50390625 0.431640625 0.486328125 0.408203125 0.48046875 0.408203125 0.470703125 0.423828125 0.482421875 0.439453125 0.4921875 0.447265625 0.517578125 0.44921875 0.521484375 0.4375 0.50390625 0.431640625
0 0.271484375 0.53515625 0.263671875 0.53515625 0.25390625 0.552734375 0.255859375 0.578125 0.279296875 0.580078125 0.28125 0.57421875 0.26953125 0.560546875 0.271484375 0.53515625
0 0.271484375 0.73046875 0.248046875 0.75 0.24609375 0.767578125 0.287109375 0.767578125 0.28515625 0.74609375 0.275390625 0.73046875 0.271484375 0.73046875
0 0.640625 0.87890625 0.625 0.876953125 0.623046875 0.87109375 0.619140625 0.87109375 0.58203125 0.916015625 0.58454241015625 0.941685267578125 0.591796875 0.939453125 0.626953125 0.921875 0.634765625 0.91015625 0.640625 0.87890625
0 0.056640625 0.91015625 0.046875 0.93359375 0.052734375 0.955078125 0.06640625 0.96875 0.0703125 0.939453125 0.060546875 0.91015625 0.056640625 0.91015625
0 0.90625 0.849609375 0.9296875 0.859375 0.93359375 0.845703125 0.921875 0.83203125 0.912109375 0.83203125 0.90625 0.849609375
0 0.908203125 0.416015625 0.904296875 0.40234375 0.896484375 0.3984375 0.892578125 0.3984375 0.890625 0.41015625 0.873046875 0.41796875 0.875 0.439453125 0.8828125 0.439453125 0.890625 0.42578125 0.908203125 0.416015625
0 0.79296875 0.26171875 0.794921875 0.2734375 0.8046875 0.2734375 0.818359375 0.251953125 0.806640625 0.251953125 0.79296875 0.26171875
0 0.837890625 0.201171875 0.833984375 0.234375 0.84765625 0.234375 0.853515625 0.224609375 0.853515625 0.2109375 0.845703125 0.201171875 0.837890625 0.201171875
0 0.97265625 0.0703125 0.998046875 0.1015625 0.998046875 0.064453125 0.9921875 0.0625 0.98828125 0.0625 0.97265625 0.0703125
0 0.88671875 0.220703125 0.876953125 0.216796875 0.875 0.216796875 0.865234375 0.228515625 0.873046875 0.2421875 0.8984375 0.244140625 0.900390625 0.23828125 0.88671875 0.228515625 0.88671875 0.220703125
0 0.78515625 0.130859375 0.787109375 0.142578125 0.806640625 0.130859375 0.806640625 0.119140625 0.79296875 0.119140625 0.78515625 0.130859375
0 0.30859375 0.611328125 0.29296875 0.609375 0.287109375 0.609375 0.28515625 0.6328125 0.302734375 0.65234375 0.296875 0.658203125 0.3125 0.66015625 0.326171875 0.623046875 0.30859375 0.611328125
0 0.29296875 0.6875 0.2890625 0.69921875 0.30078125 0.72265625 0.310546875 0.708984375 0.310546875 0.6953125 0.302734375 0.6875 0.29296875 0.6875
0 0.28125 0.865234375 0.26953125 0.853515625 0.26171875 0.853515625 0.25390625 0.861328125 0.25390625 0.876953125 0.26171875 0.88671875 0.271484375 0.88671875 0.28125 0.880859375 0.28125 0.865234375
0 0.498046875 0.685546875 0.482421875 0.703125 0.482421875 0.712890625 0.49609375 0.71875 0.505859375 0.716796875 0.50390625 0.685546875 0.498046875 0.685546875
0 0.017578125 0.244140625 0.02734375 0.255859375 0.046875 0.25390625 0.044921875 0.232421875 0.033203125 0.232421875 0.017578125 0.244140625
0 0.36328125 0.76953125 0.365234375 0.78515625 0.3828125 0.771484375 0.3828125 0.751953125 0.376953125 0.751953125 0.36328125 0.76953125