0 0.2125984251968504 0.1377952755905512 0.2047244094488189 0.11023622047244094 0.1377952755905512 0.08661417322834646 0.14960629921259844 0.1141732283464567 0.2125984251968504 0.1377952755905512
0 0.8346456692913385 0.3346456692913386 0.7913385826771654 0.28346456692913385 0.7244094488188977 0.27165354330708663 0.7362204724409449 0.2992125984251969 0.8346456692913385 0.3346456692913386
0 0.8818897637795275 0.14173228346456693 0.9212598425196851 0.13385826771653545 0.968503937007874 0.08267716535433071 0.952755905511811 0.07874015748031496 0.8976377952755905 0.1141732283464567 0.8818897637795275 0.14173228346456693
0 0.3346456692913386 0.4921259842519685 0.3464566929133858 0.515748031496063 0.421259842519685 0.5236220472440944 0.4330708661417323 0.5118110236220472 0.3543307086614173 0.4881889763779528 0.3346456692913386 0.4921259842519685
0 0.2283464566929134 0.515748031496063 0.2992125984251969 0.5236220472440944 0.2283464566929134 0.48031496062992124 0.2047244094488189 0.48031496062992124 0.2283464566929134 0.515748031496063
0 0 0.6181102362204725 0.11811023622047244 0.6220472440944882 0.1141732283464567 0.6062992125984252 0.07480314960629922 0.594488188976378 0 0.5826771653543307 0 0.6181102362204725
0 0.6732283464566929 0.5866141732283464 0.6889763779527559 0.610236220472441 0.7559055118110236 0.6141732283464567 0.6732283464566929 0.5866141732283464
0 0.8110236220472441 0.5905511811023622 0.84251968503937 0.610236220472441 0.9173228346456693 0.610236220472441 0.8700787401574803 0.5787401574803149 0.8188976377952756 0.5787401574803149 0.8110236220472441 0.5905511811023622
0 0.5708661417322834 0.8188976377952756 0.5905511811023622 0.8031496062992126 0.5078740157480315 0.8031496062992126 0.5078740157480315 0.8188976377952756 0.5708661417322834 0.8188976377952756
0 0.24803149606299213 0.8228346456692913 0.2992125984251969 0.8031496062992126 0.33070866141732286 0.7716535433070866 0.2992125984251969 0.7598425196850394 0.25984251968503935 0.7913385826771654 0.24803149606299213 0.8228346456692913
0 0.32677165354330706 0.6811023622047244 0.3464566929133858 0.6929133858267716 0.421259842519685 0.6732283464566929 0.4015748031496063 0.6496062992125984 0.33070866141732286 0.6653543307086615 0.32677165354330706 0.6811023622047244