0 0.16141732283464566 0.2874015748031496 0.1889763779527559 0.3031496062992126 0.2677165354330709 0.2952755905511811 0.2559055118110236 0.2755905511811024 0.16535433070866143 0.2755905511811024 0.16141732283464566 0.2874015748031496
0 0.0984251968503937 0.41338582677165353 0.14566929133858267 0.41338582677165353 0.2047244094488189 0.3779527559055118 0.17716535433070865 0.3700787401574803 0.10236220472440945 0.39763779527559057 0.0984251968503937 0.41338582677165353
0 0.13385826771653545 0.6141732283464567 0.09448818897637795 0.562992125984252 0.047244094488188976 0.5511811023622047 0.047244094488188976 0.5787401574803149 0.13385826771653545 0.6141732283464567
0 0.16141732283464566 0.5748031496062992 0.17716535433070865 0.5866141732283464 0.2440944881889764 0.5866141732283464 0.23228346456692914 0.5708661417322834 0.1732283464566929 0.5669291338582677 0.16141732283464566 0.5748031496062992
0 0.23622047244094488 0.6968503937007874 0.3031496062992126 0.6929133858267716 0.2125984251968504 0.6614173228346457 0.20078740157480315 0.6732283464566929 0.23622047244094488 0.6968503937007874
0 0.610236220472441 0.6377952755905512 0.5905511811023622 0.65748031496063 0.5984251968503937 0.6653543307086615 0.6535433070866141 0.6653543307086615 0.7007874015748031 0.6417322834645669 0.6732283464566929 0.6299212598425197 0.610236220472441 0.6377952755905512
0 0.6062992125984252 0.49606299212598426 0.6417322834645669 0.4921259842519685 0.6889763779527559 0.468503937007874 0.7007874015748031 0.4448818897637795 0.5984251968503937 0.4763779527559055 0.6062992125984252 0.49606299212598426
0 0.5451259842519685 0.3346456692913386 0.5118110236220472 0.3407007874015748 0.5405826771653544 0.37401574803149606 0.5769212598425197 0.38007086614173224 0.610236220472441 0.36796062992125983 0.5981220472440945 0.3407007874015748 0.5451259842519685 0.3346456692913386
0 0.6511220472440945 0.3543307086614173 0.6132637795275591 0.3785590551181102 0.6329488188976378 0.40127165354330707 0.6632362204724409 0.38007086614173224 0.7010905511811023 0.3619015748031496 0.6965472440944882 0.3376732283464567 0.6511220472440945 0.3543307086614173
0 0.8464566929133859 0.2795275590551181 0.889763779527559 0.30708661417322836 0.952755905511811 0.2992125984251969 0.9251968503937008 0.2795275590551181 0.8503937007874016 0.2677165354330709 0.8464566929133859 0.2795275590551181
0 0.7440944881889764 0.19291338582677164 0.6850393700787402 0.16535433070866143 0.65748031496063 0.1732283464566929 0.6889763779527559 0.20078740157480315 0.7440944881889764 0.19291338582677164
0 0.8188976377952756 0.19291338582677164 0.8543307086614174 0.20078740157480315 0.9173228346456693 0.17716535433070865 0.8858267716535433 0.16535433070866143 0.8149606299212598 0.1732283464566929 0.8188976377952756 0.19291338582677164
0 0.9960629921259843 0.2047244094488189 0.9960629921259843 0.1732283464566929 0.9488188976377953 0.18110236220472442 0.9448818897637795 0.1968503937007874 0.9960629921259843 0.2047244094488189
0 0.9327677165354331 0.7389448818897638 0.9085393700787402 0.7601456692913385 0.9373110236220472 0.7662007874015748 0.9691102362204724 0.7616614173228347 0.9781968503937007 0.745003937007874 0.9766811023622047 0.7344015748031496 0.9327677165354331 0.7389448818897638
0 0.9766811023622047 0.7677165354330708 0.9645669291338582 0.7904291338582677 0.9675944881889764 0.796488188976378 0.9887952755905511 0.7874015748031497 0.9960629921259843 0.7692322834645668 0.9948503937007874 0.7510590551181102 0.9766811023622047 0.7677165354330708