0 0.90625 0.7001953125 0.0693359375 0.025390625
0 0.8525390625 0.8310546875 0.064453125 0.044921875
0 0.8466796875 0.8818359375 0.064453125 0.0302734375
0 0.5263671875 0.884765625 0.0849609375 0.0283203125
0 0.064453125 0.923828125 0.0625 0.0400390625
0 0.205078125 0.7265625 0.0615234375 0.0283203125
0 0.376953125 0.728515625 0.07421875 0.0625
0 0.37109375 0.5478515625 0.068359375 0.0302734375
0 0.2529296875 0.435546875 0.0654296875 0.0400390625
0 0.1220703125 0.3388671875 0.078125 0.0361328125
0 0.8291015625 0.2880859375 0.0791015625 0.0380859375