0 0.09375 0.2998046875 0.0693359375 0.025390625
0 0.1474609375 0.1689453125 0.064453125 0.044921875
0 0.1533203125 0.1181640625 0.064453125 0.0302734375
0 0.4736328125 0.115234375 0.0849609375 0.0283203125
0 0.935546875 0.076171875 0.0625 0.0400390625
0 0.794921875 0.2734375 0.0615234375 0.0283203125
0 0.623046875 0.271484375 0.07421875 0.0625
0 0.62890625 0.4521484375 0.068359375 0.0302734375
0 0.7470703125 0.564453125 0.0654296875 0.0400390625
0 0.8779296875 0.6611328125 0.078125 0.0361328125
0 0.1708984375 0.7119140625 0.0791015625 0.0380859375